100 ref
1    2.865686e+02    3.200964e+02    9.826676e+01        5.586850e+02    5.870745e+02
2    4.654696e+01    7.978792e+01    6.984954e+01        5.760169e+02    6.067156e+02
3    3.522196e+02    2.431374e+02    6.282293e+01        8.595570e+01    8.954819e+01
4    3.947453e+02    2.750264e+02    1.383503e+02        6.547504e+01    6.669209e+01
5    2.070482e+02    1.396711e+00    9.394306e+01        2.453792e+01    2.453792e+01

1000 ref
1    7.967222e+02    1.010663e+02    2.681111e+02        5.647045e+03    2.352594e+04
2    3.430671e+01    3.749197e+02    6.332185e+02        5.969698e+03    2.555540e+04
3    4.883556e+02    3.855158e+02    1.610242e+02        1.105110e+04    3.997342e+04
4    7.686681e+02    7.421928e+00    5.576076e+02        3.425500e+03    9.438678e+03
5    7.368555e+02    1.101961e+02    4.411748e+02        2.316238e+02    1.545631e+03


2000 ref
1    1.676445e+02    1.826926e+02    9.895553e+02        3.479717e+04    1.378915e+05
2    8.611683e+02    8.961437e+02    2.895367e+02        5.293688e+03    1.919332e+04
3    4.194553e+01    6.275109e+02    3.329665e+02        3.772616e+03    1.981178e+04
4    3.834709e+02    8.993847e+01    3.394687e+02        3.989066e+03    1.655321e+04
5    3.310006e+02    6.340273e+02    9.310955e+02        1.181467e+03    3.779085e+03
6    7.926956e+02    1.142073e+02    9.835650e+01        7.418041e+02    3.657150e+03
7    1.084669e+03    4.283455e+02    1.084701e+02        6.838333e+02    1.937896e+03
8    1.030281e+03    7.977992e+02    7.854084e+02        3.404698e+02    8.607707e+02
9    8.988541e+02    1.079327e+03    4.512725e+02        3.840722e+02    1.261035e+03
10    2.397603e+02    1.774415e+02    1.047379e+03        8.297773e+02    2.998007e+03


3000 ref
1    1.006308e+03    5.546703e+02    7.223611e+02        1.825513e+04    9.005165e+04
2    1.122948e+02    1.120125e+03    4.498856e+02        5.863509e+03    3.945197e+04
3    5.859678e+02    7.572128e+02    3.930429e+02        1.434696e+03    6.159467e+03
4    8.937480e+02    3.619081e+01    7.633495e+02        1.791015e+03    8.853659e+03
5    2.638928e+02    9.445958e+02    1.456743e+02        1.073951e+03    1.205304e+04
6    1.082065e+03    9.835403e+02    1.096383e+03        1.403147e+04    7.034975e+04
7    1.406525e+02    3.017809e+02    1.056016e+03        5.644912e+03    2.672623e+04
8    7.732546e+02    3.173514e+01    2.860800e+02        4.654683e+03    2.449917e+04
9    2.803012e+02    2.153240e+02    1.186790e+03        1.074419e+03    6.560452e+03
10    6.780870e+02    4.359226e+02    1.007496e+03        1.033584e+03    5.002160e+03
11    9.008006e+02    8.275231e+02    7.905857e+02        1.158677e+03    8.880331e+03
12    3.557321e+02    9.379547e+02    1.218172e+03        1.640603e+03    8.209652e+03
13    4.942739e+02    1.154898e+03    9.711257e+02        2.293918e+03    1.248824e+04
14    6.308047e+02    3.289096e+02    3.937619e+01        2.718348e+03    1.676873e+04
15    4.511607e+01    4.698652e+02    1.249598e+02        9.361412e+02    2.346313e+03
